00:00 02:30 1, 9, 13, 5, 2 1, 9, 13, 5, 14 1, 9, 13, 5, 10 1, 9, 13, 5, 6 2, 10, 14, 6, 3 2, 10, 14, 6, 15 2, 10, 14, 6, 11 2, 10, 14, 6, 7
02:00 04:30 2, 10, 14, 6, 3 2, 10, 14, 6, 15 2, 10, 14, 6, 11 2, 10, 14, 6, 7 3, 11, 15, 7, 4 3, 11, 15, 7, 16 3, 11, 15, 7, 12 3, 11, 15, 7, 8
04:00 06:30 3, 11, 15, 7, 4 3, 11, 15, 7, 16 3, 11, 15, 7, 12 3, 11, 15, 7, 8 4, 12, 16, 8, 5 4, 12, 16, 8, 1 4, 12, 16, 8, 13 4, 12, 16, 8, 9
06:00 08:30 4, 12, 16, 8, 5 4, 12, 16, 8, 1 4, 12, 16, 8, 13 4, 12, 16, 8, 9 5, 13, 1, 9, 6 5, 13, 1, 9, 2 5, 13, 1, 9, 14 5, 13, 1, 9, 10
08:00 10:30 5, 13, 1, 9, 6 5, 13, 1, 9, 2 5, 13, 1, 9, 14 5, 13, 1, 9, 10 6, 14, 2, 10, 7 6, 14, 2, 10, 3 6, 14, 2, 10, 15 6, 14, 2, 10, 11
10:00 12:30 6, 14, 2, 10, 7 6, 14, 2, 10, 3 6, 14, 2, 10, 15 6, 14, 2, 10, 11 7, 15, 3, 11, 8 7, 15, 3, 11, 4 7, 15, 3, 11, 16 7, 15, 3, 11, 12
12:00 14:30 7, 15, 3, 11, 8 7, 15, 3, 11, 4 7, 15, 3, 11, 16 7, 15, 3, 11, 12 8, 16, 4, 12, 9 8, 16, 4, 12, 5 8, 16, 4, 12, 1 8, 16, 4, 12, 13
14:00 16:30 8, 16, 4, 12, 9 8, 16, 4, 12, 5 8, 16, 4, 12, 1 8, 16, 4, 12, 13 9, 1, 5, 13, 10 9, 1, 5, 13, 6 9, 1, 5, 13, 2 9, 1, 5, 13, 14
16:00 18:30 9, 1, 5, 13, 10 9, 1, 5, 13, 6 9, 1, 5, 13, 2 9, 1, 5, 13, 14 10, 2, 6, 14, 11 10, 2, 6, 14, 7 10, 2, 6, 14, 3 10, 2, 6, 14, 15
18:00 20:30 10, 2, 6, 14, 11 10, 2, 6, 14, 7 10, 2, 6, 14, 3 10, 2, 6, 14, 15 11, 3, 7, 15, 12 11, 3, 7, 15, 8 11, 3, 7, 15, 4 11, 3, 7, 15, 16
20:00 22:30 11, 3, 7, 15, 12 11, 3, 7, 15, 8 11, 3, 7, 15, 4 11, 3, 7, 15, 16 12, 4, 8, 16, 13 12, 4, 8, 16, 9 12, 4, 8, 16, 5 12, 4, 8, 16, 1
22:00 00:30 12, 4, 8, 16, 13 12, 4, 8, 16, 9 12, 4, 8, 16, 5 12, 4, 8, 16, 1 13, 5, 9, 1, 14 13, 5, 9, 1, 10 13, 5, 9, 1, 6 13, 5, 9, 1, 2

00:00 02:30 3, 11, 15, 7, 4 3, 11, 15, 7, 16 3, 11, 15, 7, 12 3, 11, 15, 7, 8 4, 12, 16, 8, 1 4, 12, 16, 8, 13 4, 12, 16, 8, 9 4, 12, 16, 8, 5
02:00 04:30 4, 12, 16, 8, 5 4, 12, 16, 8, 1 4, 12, 16, 8, 13 4, 12, 16, 8, 9 5, 13, 1, 9, 2 5, 13, 1, 9, 14 5, 13, 1, 9, 10 5, 13, 1, 9, 6
04:00 06:30 5, 13, 1, 9, 6 5, 13, 1, 9, 2 5, 13, 1, 9, 14 5, 13, 1, 9, 10 6, 14, 2, 10, 3 6, 14, 2, 10, 15 6, 14, 2, 10, 11 6, 14, 2, 10, 7
06:00 08:30 6, 14, 2, 10, 7 6, 14, 2, 10, 3 6, 14, 2, 10, 15 6, 14, 2, 10, 11 7, 15, 3, 11, 4 7, 15, 3, 11, 16 7, 15, 3, 11, 12 7, 15, 3, 11, 8
08:00 10:30 7, 15, 3, 11, 8 7, 15, 3, 11, 4 7, 15, 3, 11, 16 7, 15, 3, 11, 12 8, 16, 4, 12, 5 8, 16, 4, 12, 1 8, 16, 4, 12, 13 8, 16, 4, 12, 9
10:00 12:30 8, 16, 4, 12, 9 8, 16, 4, 12, 5 8, 16, 4, 12, 1 8, 16, 4, 12, 13 9, 1, 5, 13, 6 9, 1, 5, 13, 2 9, 1, 5, 13, 14 9, 1, 5, 13, 10
12:00 14:30 9, 1, 5, 13, 10 9, 1, 5, 13, 6 9, 1, 5, 13, 2 9, 1, 5, 13, 14 10, 2, 6, 14, 7 10, 2, 6, 14, 3 10, 2, 6, 14, 15 10, 2, 6, 14, 11
14:00 16:30 10, 2, 6, 14, 11 10, 2, 6, 14, 7 10, 2, 6, 14, 3 10, 2, 6, 14, 15 11, 3, 7, 15, 8 11, 3, 7, 15, 4 11, 3, 7, 15, 16 11, 3, 7, 15, 12
16:00 18:30 11, 3, 7, 15, 12 11, 3, 7, 15, 8 11, 3, 7, 15, 4 11, 3, 7, 15, 16 12, 4, 8, 16, 9 12, 4, 8, 16, 5 12, 4, 8, 16, 1 12, 4, 8, 16, 13
18:00 20:30 12, 4, 8, 16, 13 12, 4, 8, 16, 9 12, 4, 8, 16, 5 12, 4, 8, 16, 1 13, 5, 9, 1, 10 13, 5, 9, 1, 6 13, 5, 9, 1, 2 13, 5, 9, 1, 14
20:00 22:30 13, 5, 9, 1, 14 13, 5, 9, 1, 10 13, 5, 9, 1, 6 13, 5, 9, 1, 2 14, 6, 10, 2, 11 14, 6, 10, 2, 7 14, 6, 10, 2, 3 14, 6, 10, 2, 15
22:00 00:30 14, 6, 10, 2, 15 14, 6, 10, 2, 11 14, 6, 10, 2, 7 14, 6, 10, 2, 3 15, 7, 11, 3, 12 15, 7, 11, 3, 8 15, 7, 11, 3, 4 15, 7, 11, 3, 16
